[[1.0, 0.00624, 0.0, 0.01683, 0.00498, 0.00743, 0.01872, 0.01984, 0.00511, 0.03472], [0.00624, 1.0, 0.0107, 0.02639, 0.0153, 0.01457, 0.03618, 0.02577, 0.01103, 0.00889], [0.0, 0.0107, 1.0, 0.00822, 0.00419, 0.0373, 0.0073, 0.00764, 0.00243, 0.00781], [0.01683, 0.02639, 0.00822, 1.0, 0.03983, 0.08193, 0.02719, 0.04944, 0.04394, 0.03334], [0.00498, 0.0153, 0.00419, 0.03983, 1.0, 0.0354, 0.03056, 0.02491, 0.02899, 0.01963], [0.00743, 0.01457, 0.0373, 0.08193, 0.0354, 1.0, 0.02604, 0.15101, 0.04677, 0.01349], [0.01872, 0.03618, 0.0073, 0.02719, 0.03056, 0.02604, 1.0, 0.05656, 0.03457, 0.01618], [0.01984, 0.02577, 0.00764, 0.04944, 0.02491, 0.15101, 0.05656, 1.0, 0.00659, 0.01704], [0.00511, 0.01103, 0.00243, 0.04394, 0.02899, 0.04677, 0.03457, 0.00659, 1.0, 0.013], [0.03472, 0.00889, 0.00781, 0.03334, 0.01963, 0.01349, 0.01618, 0.01704, 0.013, 1.0]]